01	11.973963658974714
10	12.793153438899168
11	12.46044556468298
12	12.120289476275977
13	11.791197887034578
14	15.358097877273057
15	14.529230918323837
16	16.21294095839055
17	15.627436172037626
18	16.00821815124518
19	16.92626739624136
02	10.303906810603184
20	16.827084889328283
21	16.143073231714144
22	16.269175413396493
23	14.81993990056275
24	15.726803794511818
25	14.62444021677527
26	15.105968838175011
27	17.040000789479954
28	16.209356647312294
29	16.254728807514606
03	10.514531171583116
30	16.04616521890379
31	15.736466625121988
32	16.72809374625636
33	19.167883649308674
34	15.598585004395696
35	16.186593724454507
36	16.13565110322377
37	16.65965082787812
38	18.44871459006379
39	18.360940300774722
04	10.893867246330627
40	17.823117604928925
41	19.87190045613526
42	17.505814447679892
43	17.42213790486301
44	16.661556953706985
45	17.682885892680595
46	15.211822400675016
47	15.339158820699607
48	15.97063446307586
49	12.731424111033881
05	11.759372568495985
06	11.33029627395647
07	10.593225287399669
08	10.471450903637425
09	10.970570917242348
